kp: 2.58061793391176
ki: 0
kd: 1.33251055634828
car_velocity: 4